Output of the test
0.0
8.788678938000018
8.83247274
8.724939444000015
8.782608510000017
8.802987803999997
8.913556314000004
9.139462956000003
9.36927201600001
9.540111203999999
18.590685750000006
44.43770097000001
49.650030611999995
53.87938452000003
58.574860578
63.332341721999995
68.73892506000001
73.76523944400003
79.49138745600001
85.870973682
93.26171977200002
102.65440629599999
118.02212838
136.993950288
151.84004916599997
162.9693117
168.960390534
173.700527598
177.44338006200002
180.39317446799998
183.07110042000005
185.50967806800003
187.292649492
188.96201719200002
190.32569548200001
191.84980651200004
193.09337704800004
194.283180936
194.99385461399999
195.35677948800003
196.04750747400004
196.18365850200001
196.24262837400005
196.29379341000003
196.79373651600002
197.21476405800001
197.56034485200001
198.13443389999998
197.819638848
198.30527308800004
198.278389764
198.48608512200002
198.72760143600004
198.959578506
199.35372272400002
199.68456105000007
199.660279338
200.28466621800004
200.676208824
200.83273914600005
201.53040476400002
202.398475968
202.63262104800003
203.5943502840001
204.32496965400003
205.124531742
206.17384858200006
207.14338265400005
208.35269863200006
209.483532648
211.243089564
212.53435632000003
214.235376966
215.7304366620001
217.617906168
219.62808504000003
221.58493086600004
223.7442688260001
225.10794711600005
226.9446851880001
229.28743679400003
230.89956903
232.85641485600001
234.126435114
234.57608038800004
235.97401323600008
237.01899405600005
238.61118060000007
240.58667131200008
242.5916469600001
244.4921245260001
245.63943541800006
247.2385595940001
248.3750304360001
250.5157235100001
252.47950696800012
254.76632391600003
256.29823978200005
260.11220297400007
281.71902423600005
296.01531577800006
319.77974059200005
320.6933400060001
332.7093186300001
344.6589561480001
344.49201937800007
342.45929320200014
358.1847369360001
371.08699804800005
392.87810016000003
404.87630110200007
414.9666532440001
436.05705452400014
459.89172286200017
480.09324004200016
490.68050007600016
488.0663136180001
485.86708427400004
484.49733555600005
483.7489385040001
483.1111099620001
471.4962131880002
394.6064377320001
297.757962216
266.80441624200006
271.358104446
274.6556476560001
273.10335249600007
275.17683726000007
278.90017763400004
283.12736353200006
285.94707733800004
285.35390980200015
284.266002384
282.7644386580001
281.7645524460001
282.08368351800004
281.2724141760001
281.52780575400004
280.85312104200005
281.37127543200006
281.60281890000005
282.43229952600007
285.61797342000006
288.4246791660001
287.74565843400006
287.3653894800001
287.2912435380001
292.74508949400007
297.21812772600015
301.97994489000007
307.9870669980001
313.5532158720001
319.5963269460001
325.7014431060001
333.1958200740001
340.4590871760001
347.81124268800005
355.61954750400014
362.8927874520001
370.09101425400013
379.47806395200007
386.93558475000015
395.1670851180001
404.64042161400016
414.22432662000006
425.4671928780001
436.0592225340001
446.332988322
454.46042421000016
462.2669946180001
469.3702625820001
475.03267110000013
478.99362537000013
484.58882557800007
491.3239654440001
498.6691833240002
504.73831051800016
510.83258662800006
514.8685540440001
518.3191587600002
519.6308048100001
518.743655118
524.0448731700001
527.9472911700001
527.017648482
533.5923556080002
535.5778191660002
532.667482542
531.2222870760002
529.7532435
528.614171046
527.887887696
527.1082713
526.590550512
525.868603182
525.500041482
524.9402613000001
524.1285583560001
523.996743348
523.531488402
