Output of the test
0
0
0
0
0
65.04
64.61
64.80
64.92
65.00
65.08
64.96
64.92
64.49
64.84
64.76
65.43
65.91
66.85
67.28
68.62
69.21
70.20
70.51
71.85
72.44
73.27
74.53
75.04
76.06
77.32
78.70
79.96
81.30
82.13
82.60
83.86
85.00
85.87
86.02
87.13
87.95
89.76
91.26
92.60
94.09
95.47
96.97
98.74
100.08
101.34
103.11
104.69
106.93
108.74
110.63
112.48
114.02
115.98
117.91
119.61
121.14
122.72
124.53
126.02
127.56
129.21
130.47
132.56
134.33
135.75
138.03
139.37
141.42
142.91
144.72
146.42
147.80
149.69
151.57
153.03
155.12
157.09
158.03
159.57
161.73
163.39
164.21
166.06
167.56
169.53
171.14
173.07
175.08
176.93
179.84
181.42
184.25
185.51
187.72
190.12
191.93
194.33
196.30
197.24
197.20
197.52
197.52
197.24
197.72
197.80
197.44
198.23
198.39
198.31
198.90
199.02
199.49
199.76
199.80
200.71
200.98
200.67
200.31
200.63
200.79
200.71
203.46
208.90
210.00
211.77
213.43
213.66
213.98
216.02
217.60
219.25
220.31
220.28
220.47
220.00
220.00
220.20
219.53
218.66
219.92
218.98
220.08
220.47
220.47
221.38
220.87
220.47
221.81
223.11
225.91
228.35
231.77
233.43
236.26
238.23
240.91
246.06
249.72
251.97
255.20
258.54
261.10
265.35
267.91
274.37
279.65
282.64
289.41
298.03
299.72
304.17
310.75
312.48
320.91
319.84
332.09
330.75
337.05
350.28
347.72
345.94
367.60
373.70
385.04
379.13
387.48
393.27
388.90
388.86
394.72
381.18
392.76
387.87
403.86
408.15
391.18
386.42
392.60
401.97
383.46
