New calibration data
-402313
-442851
-443053
-442557
-442823
-442917
-443427
-444469
-445529
-446317
-488063
-607283
-631325
-650833
-672491
-694435
-719373
-742557
-768969
-798395
-832485
-875809
-946693
-1034201
-1102679
-1154013
-1181647
-1203511
-1220775
-1234381
-1246733
-1257981
-1266205
-1273905
-1280195
-1287225
-1292961
-1298449
-1301727
-1303401
-1306587
-1307215
-1307487
-1307723
-1310029
-1311971
-1313565
-1316213
-1314761
-1317001
-1316877
-1317835
-1318949
-1320019
-1321837
-1323363
-1323251
-1326131
-1327937
-1328659
-1331877
-1335881
-1336961
-1341397
-1344767
-1348455
-1353295
-1357767
-1363345
-1368561
-1376677
-1382633
-1390479
-1397375
-1406081
-1415353
-1424379
-1434339
-1440629
-1449101
-1459907
-1467343
-1476369
-1482227
-1484301
-1490749
-1495569
-1502913
-1512025
-1521273
-1530039
-1535331
-1542707
-1547949
-1557823
-1566881
-1577429
-1584495
-1602087
-1701749
-1767691
-1877305
-1881519
-1936943
-1992061
-1991291
-1981915
-2054449
-2113961
-2214473
-2269815
-2316357
-2413637
-2523575
-2616755
-2665589
-2653531
-2643387
-2637069
-2633617
-2630675
-2577101
-2222445
-1775729
-1632955
-1653959
-1669169
-1662009
-1671573
-1688747
-1708245
-1721251
-1718515
-1713497
-1706571
-1701959
-1703431
-1699689
-1700867
-1697755
-1700145
-1701213
-1705039
-1719733
-1732679
-1729547
-1727793
-1727451
-1752607
-1773239
-1795203
-1822911
-1848585
-1876459
-1904619
-1939187
-1972689
-2006601
-2042617
-2076165
-2109367
-2152665
-2187063
-2225031
-2268727
-2312933
-2364791
-2413647
-2461035
-2498523
-2534531
-2567295
-2593413
-2611683
-2637491
-2668557
-2702437
-2730431
-2758541
-2777157
-2793073
-2799123
-2795031
-2819483
-2837483
-2833195
-2863521
-2872679
-2859255
-2852589
-2845813
-2840559
-2837209
-2833613
-2831225
-2827895
-2826195
-2823613
-2819869
-2819261
-2817115
